5
8
Ana 3001 7.5 8.0
Bruno 3002 5.0 6.0
Carla 3003 9.0 8.5
Diego 3004 6.0 5.5
Elisa 3005 8.0 7.0
Fabio 3006 4.0 6.0
Gina 3007 7.0 7.5
Hugo 3008 5.5 6.0
9
Iris 4001 9.0 9.5
Jonas 4002 6.0 6.0
Karen 4003 7.5 7.0
Leo 4004 8.5 8.0
Marta 4005 5.0 4.5
Nina 4006 9.0 8.0
Otto 4007 6.5 7.0
Paulo 4008 7.0 6.5
Quica 4009 8.0 8.5
10
Rafa 5001 7.0 7.0
Sara 5002 8.0 9.0
Tom 5003 5.0 6.0
Uma 5004 6.5 7.0
Vera 5005 8.5 8.0
Will 5006 4.5 5.0
Xuxa 5007 7.5 7.5
Yuri 5008 9.0 9.0
Zeca 5009 6.0 5.5
Amy 5010 8.0 8.5
11
Beto 6001 7.5 7.5
Ceci 6002 6.0 6.0
Dan 6003 8.0 7.0
Ela 6004 9.0 8.0
Fern 6005 5.5 5.0
Gui 6006 7.0 6.5
Helga 6007 8.5 9.0
Ivan 6008 6.5 7.5
Jade 6009 7.5 8.0
Kaio 6010 5.0 4.5
Luiz 6011 9.0 9.0
12
Mai 7001 6.5 7.0
Nick 7002 7.0 6.0
Omar 7003 8.5 8.0
Pia 7004 5.0 6.5
Quin 7005 9.0 8.5
Rui 7006 7.5 7.5
Sol 7007 4.5 5.0
Teo 7008 8.0 9.0
Ula 7009 6.0 6.0
Vini 7010 7.0 8.0
Wen 7011 9.0 9.5
Xim 7012 5.5 6.0
